24	24202007091604	0	A	0.804563	33	171.7	0.193	16	0	64	{}	1.75413	0.11	2020-07-09	0	46.89	BonnPI	b	73.2687	
24	24202007091604	1	B	0.801587	30	170.1	0.164	16	0	62	{4,8}	1.75413	0.11	2020-07-09	0	50.566	BonnPI	b	69.9525	
15	15202007101439	0	B	0.814686	16.8356	172.4	0.232	16	0	64	{56}	1.65883	0.110278	2020-07-10	0	21.1831	BonnPI	b	71.896	
15	15202007101439	1	B	0.841067	12.149	174.5	0.455	13	0	64	{6}	1.65883	0.110278	2020-07-10	0	21.2389	BonnPI	b	75.9801	
16	16202007101451	0	D	0.803999	25.925	174.7	11.065	21	0	41	{5,16,18,20,22,24,25,26,27,28,30,32,34,36,37,38,39,40,42,44,46,50,51,54,55,56,57}	1.67704	0.110208	2020-07-10	0	27.0998	BonnPI	c	55.6968	
16	16202007101451	1	E	0.35537	604.472	0	0	0	0	64	1.67704	0.110208	2020-07-10	0	27.0967	BonnPI	c	100.33	
0	
1	
2	
3	
4	
5	
6	
7	
8	
9	
10	
11	
12	
13	
14	
15	
16	
17	
18	
19	
20	
21	
22	
23	
24	
25	
26	
27	
28	
29	
30	
31	
32	
33	
34	
35	
36	
37	
38	
39	
40	
41	
42	
43	
44	
45	
46	
47	
48	
49	
50	
51	
52	
53	
54	
55	
56	
57	
58	
59	
60	
61	
62	
63	

23	23202007131224	0	C	0.757363	32.7264	166.9	0.105	14	0	61	{5,36,46}	1.67777	0.109484	2020-07-13	0	20.0021	BonnPI	c	73.5771	
23	23202007131224	1	B	0.800521	40.3812	174.2	0.12	14	0	63	{26}	1.67777	0.109484	2020-07-13	0	21.6484	BonnPI	c	89.103	
